{
    "front_cam": {
        "name": "front_cam",
        "ip_address": "192.168.2.24",
        "mxid": "194430102183F24800",
        "board_name": "NG9097",
        "raw_eeprom": {
            "batchName": "",
            "batchTime": 1750364508,
            "boardConf": "IR-C02M00-00",
            "boardCustom": "",
            "boardName": "NG9097",
            "boardOptions": 7,
            "boardRev": "R4M2E4",
            "cameraData": [
                [
                    2,
                    {
                        "cameraType": 0,
                        "distortionCoeff": [
                            9.385587692260742,
                            2.8919878005981445,
                            -0.00022748412447981536,
                            -2.6862986487685703e-05,
                            0.0444236621260643,
                            9.778849601745605,
                            5.834336757659912,
                            0.38710469007492065,
                            0.0,
                            0.0,
                            0.0,
                            0.0,
                            0.007662274409085512,
                            -0.001673022867180407
                        ],
                        "extrinsics": {
                            "rotationMatrix": [
                                [
                                    0.9999531507492065,
                                    0.00968047883361578,
                                    -0.00012498786963988096
                                ],
                                [
                                    -0.009677181951701641,
                                    0.9998218417167664,
                                    0.01620524562895298
                                ],
                                [
                                    0.0002818401553668082,
                                    -0.016203276813030243,
                                    0.9998686909675598
                                ]
                            ],
                            "specTranslation": {
                                "x": 3.75,
                                "y": 0.0,
                                "z": 0.0
                            },
                            "toCameraSocket": 0,
                            "translation": {
                                "x": 3.76361083984375,
                                "y": -0.04105066880583763,
                                "z": 0.006947869900614023
                            }
                        },
                        "height": 800,
                        "intrinsicMatrix": [
                            [
                                568.9183959960938,
                                0.0,
                                660.0791625976562
                            ],
                            [
                                0.0,
                                568.6327514648438,
                                409.29449462890625
                            ],
                            [
                                0.0,
                                0.0,
                                1.0
                            ]
                        ],
                        "lensPosition": 0,
                        "specHfovDeg": 127.0,
                        "width": 1280
                    }
                ],
                [
                    0,
                    {
                        "cameraType": 0,
                        "distortionCoeff": [
                            0.34113287925720215,
                            -0.06248169392347336,
                            0.00023781215713825077,
                            -0.0002382212842348963,
                            -0.0025076193269342184,
                            0.676174521446228,
                            -0.036565911024808884,
                            -0.01487793680280447,
                            0.0,
                            0.0,
                            0.0,
                            0.0,
                            -0.005447314120829105,
                            -0.008199650794267654
                        ],
                        "extrinsics": {
                            "rotationMatrix": [
                                [
                                    0.0,
                                    0.0,
                                    0.0
                                ],
                                [
                                    0.0,
                                    0.0,
                                    0.0
                                ],
                                [
                                    0.0,
                                    0.0,
                                    0.0
                                ]
                            ],
                            "specTranslation": {
                                "x": -0.0,
                                "y": -0.0,
                                "z": -0.0
                            },
                            "toCameraSocket": -1,
                            "translation": {
                                "x": 0.0,
                                "y": 0.0,
                                "z": 0.0
                            }
                        },
                        "height": 800,
                        "intrinsicMatrix": [
                            [
                                566.3711547851562,
                                0.0,
                                649.4113159179688
                            ],
                            [
                                0.0,
                                566.0880737304688,
                                397.3327331542969
                            ],
                            [
                                0.0,
                                0.0,
                                1.0
                            ]
                        ],
                        "lensPosition": 0,
                        "specHfovDeg": 127.0,
                        "width": 1280
                    }
                ],
                [
                    1,
                    {
                        "cameraType": 0,
                        "distortionCoeff": [
                            3.430246353149414,
                            0.8414037823677063,
                            5.6612963817315176e-05,
                            0.0003912495740223676,
                            0.006060800515115261,
                            3.7921206951141357,
                            1.8493059873580933,
                            0.09215836226940155,
                            0.0,
                            0.0,
                            0.0,
                            0.0,
                            0.0026819738559424877,
                            0.003070219187065959
                        ],
                        "extrinsics": {
                            "rotationMatrix": [
                                [
                                    0.9998091459274292,
                                    -0.01091208029538393,
                                    -0.016205428168177605
                                ],
                                [
                                    0.010787302628159523,
                                    0.9999116659164429,
                                    -0.007767326198518276
                                ],
                                [
                                    0.0162887554615736,
                                    0.007591031026095152,
                                    0.9998385310173035
                                ]
                            ],
                            "specTranslation": {
                                "x": -7.5,
                                "y": 0.0,
                                "z": 0.0
                            },
                            "toCameraSocket": 2,
                            "translation": {
                                "x": -7.5053300857543945,
                                "y": 0.016804594546556473,
                                "z": -0.09815963357686996
                            }
                        },
                        "height": 800,
                        "intrinsicMatrix": [
                            [
                                570.4161376953125,
                                0.0,
                                648.1913452148438
                            ],
                            [
                                0.0,
                                570.0270385742188,
                                398.3650817871094
                            ],
                            [
                                0.0,
                                0.0,
                                1.0
                            ]
                        ],
                        "lensPosition": 0,
                        "specHfovDeg": 127.0,
                        "width": 1280
                    }
                ]
            ],
            "deviceName": "",
            "hardwareConf": "F1-FV01-BC001",
            "housingExtrinsics": {
                "rotationMatrix": [
                    [
                        0.9998148679733276,
                        0.017059622332453728,
                        0.008901376277208328
                    ],
                    [
                        -0.01675083115696907,
                        0.9992921948432922,
                        -0.03368227556347847
                    ],
                    [
                        -0.009469683282077312,
                        0.03352693095803261,
                        0.9993929266929626
                    ]
                ],
                "specTranslation": {
                    "x": 0.0,
                    "y": 0.0,
                    "z": 0.0
                },
                "toCameraSocket": 2,
                "translation": {
                    "x": 0.0,
                    "y": 0.0,
                    "z": 0.0
                }
            },
            "imuExtrinsics": {
                "rotationMatrix": [
                    [
                        0.0,
                        0.0,
                        0.0
                    ],
                    [
                        0.0,
                        0.0,
                        0.0
                    ],
                    [
                        0.0,
                        0.0,
                        0.0
                    ]
                ],
                "specTranslation": {
                    "x": 0.0,
                    "y": 0.0,
                    "z": 0.0
                },
                "toCameraSocket": -1,
                "translation": {
                    "x": 0.0,
                    "y": 0.0,
                    "z": 0.0
                }
            },
            "miscellaneousData": [],
            "productName": "OAK-D-PRO-W-POE-97",
            "stereoEnableDistortionCorrection": true,
            "stereoRectificationData": {
                "leftCameraSocket": 1,
                "rectifiedRotationLeft": [
                    [
                        0.9999099969863892,
                        -0.013050474226474762,
                        -0.003111220197752118
                    ],
                    [
                        0.013038290664553642,
                        0.999907374382019,
                        -0.0039046569727361202
                    ],
                    [
                        0.003161889733746648,
                        0.0038637404795736074,
                        0.9999875426292419
                    ]
                ],
                "rectifiedRotationRight": [
                    [
                        0.9999119639396667,
                        -0.00223882426507771,
                        0.013077504932880402
                    ],
                    [
                        0.0021880094427615404,
                        0.9999899864196777,
                        0.003898679045960307
                    ],
                    [
                        -0.013086101971566677,
                        -0.003869722131639719,
                        0.9999068975448608
                    ]
                ],
                "rightCameraSocket": 2
            },
            "stereoUseSpecTranslation": false,
            "version": 7,
            "verticalCameraSocket": -1
        },
        "rgb": {
            "default_intrinsics": [
                [
                    566.3711547851562,
                    0.0,
                    649.4113159179688
                ],
                [
                    0.0,
                    566.0880737304688,
                    397.3327331542969
                ],
                [
                    0.0,
                    0.0,
                    1.0
                ]
            ],
            "default_width": 1280,
            "default_height": 800,
            "fov": 127.0,
            "intrinsics_3840x2160": [
                [
                    1699.113525390625,
                    0.0,
                    1948.23388671875
                ],
                [
                    0.0,
                    1698.26416015625,
                    1071.9981689453125
                ],
                [
                    0.0,
                    0.0,
                    1.0
                ]
            ],
            "intrinsics_4056x3040": [
                [
                    1794.6885986328125,
                    0.0,
                    2057.822021484375
                ],
                [
                    0.0,
                    1793.7916259765625,
                    1511.548095703125
                ],
                [
                    0.0,
                    0.0,
                    1.0
                ]
            ]
        },
        "stereo": {
            "left": {
                "default_intrinsics": [
                    [
                        570.4161376953125,
                        0.0,
                        648.1913452148438
                    ],
                    [
                        0.0,
                        570.0270385742188,
                        398.3650817871094
                    ],
                    [
                        0.0,
                        0.0,
                        1.0
                    ]
                ],
                "width": 1280,
                "height": 800,
                "intrinsics_1280x720": [
                    [
                        570.4161376953125,
                        0.0,
                        648.1913452148438
                    ],
                    [
                        0.0,
                        570.0270385742188,
                        358.3650817871094
                    ],
                    [
                        0.0,
                        0.0,
                        1.0
                    ]
                ],
                "distortion_coeff": [
                    3.430246353149414,
                    0.8414037823677063,
                    5.6612963817315176e-05,
                    0.0003912495740223676,
                    0.006060800515115261,
                    3.7921206951141357,
                    1.8493059873580933,
                    0.09215836226940155,
                    0.0,
                    0.0,
                    0.0,
                    0.0,
                    0.0026819738559424877,
                    0.003070219187065959
                ],
                "fov": 127.0
            },
            "right": {
                "intrinsics_1280x720": [
                    [
                        568.9183959960938,
                        0.0,
                        660.0791625976562
                    ],
                    [
                        0.0,
                        568.6327514648438,
                        369.29449462890625
                    ],
                    [
                        0.0,
                        0.0,
                        1.0
                    ]
                ],
                "distortion_coeff": [
                    9.385587692260742,
                    2.8919878005981445,
                    -0.00022748412447981536,
                    -2.6862986487685703e-05,
                    0.0444236621260643,
                    9.778849601745605,
                    5.834336757659912,
                    0.38710469007492065,
                    0.0,
                    0.0,
                    0.0,
                    0.0,
                    0.007662274409085512,
                    -0.001673022867180407
                ]
            },
            "rectification": {
                "H_left": [
                    [
                        1.0009434365943695,
                        -0.008550963294398408,
                        12.90444188436095
                    ],
                    [
                        0.015044573600166467,
                        0.9999647403013504,
                        -41.033219601914254
                    ],
                    [
                        5.543128121377887e-06,
                        6.778170539484927e-06,
                        0.9936943484942189
                    ]
                ],
                "H_right": [
                    [
                        1.0035785328297828,
                        -0.008571930250423023,
                        -0.9748015591409285
                    ],
                    [
                        0.015084180133171053,
                        1.0024166531460468,
                        -13.074125969410261
                    ],
                    [
                        5.5577210299389895e-06,
                        6.7947906089128715e-06,
                        0.9938097280218207
                    ]
                ]
            }
        },
        "extrinsics": {
            "left_to_right": [
                [
                    0.999809205532074,
                    -0.01091208029538393,
                    -0.016205428168177605,
                    -7.5053300857543945
                ],
                [
                    0.010787303559482098,
                    0.9999116659164429,
                    -0.0077673266641795635,
                    0.016804588958621025
                ],
                [
                    0.0162887554615736,
                    0.007591029163450003,
                    0.9998385310173035,
                    -0.09815964102745056
                ],
                [
                    0.0,
                    0.0,
                    0.0,
                    1.0
                ]
            ],
            "left_to_rgb": [
                [
                    0.9998646974563599,
                    -0.0012328940210863948,
                    -0.016404828056693077,
                    -3.7411928176879883
                ],
                [
                    0.0013740088324993849,
                    0.9999621510505676,
                    0.00859350897371769,
                    0.046790678054094315
                ],
                [
                    0.016393613070249557,
                    -0.008614887483417988,
                    0.9998285174369812,
                    -0.09358646720647812
                ],
                [
                    0.0,
                    0.0,
                    0.0,
                    1.0
                ]
            ]
        }
    },
    "fork_low_cam": {
        "name": "fork_low_cam",
        "ip_address": "192.168.2.26",
        "mxid": "19443010E1F1F04800",
        "board_name": "NG9097",
        "raw_eeprom": {
            "batchName": "",
            "batchTime": 1750344769,
            "boardConf": "IR-C02M00-00",
            "boardCustom": "",
            "boardName": "NG9097",
            "boardOptions": 7,
            "boardRev": "R4M2E4",
            "cameraData": [
                [
                    2,
                    {
                        "cameraType": 0,
                        "distortionCoeff": [
                            6.779923439025879,
                            2.1303811073303223,
                            -0.00027630862314254045,
                            -0.00031515309819951653,
                            0.024614937603473663,
                            7.166018009185791,
                            4.256972789764404,
                            0.27181077003479004,
                            0.0,
                            0.0,
                            0.0,
                            0.0,
                            0.0071297879330813885,
                            -0.0058379764668643475
                        ],
                        "extrinsics": {
                            "rotationMatrix": [
                                [
                                    0.9998176693916321,
                                    -0.0002876401995308697,
                                    0.019092289730906487
                                ],
                                [
                                    0.00034304088330827653,
                                    0.999995768070221,
                                    -0.002898519393056631
                                ],
                                [
                                    -0.019091375172138214,
                                    0.00290454039350152,
                                    0.9998134970664978
                                ]
                            ],
                            "specTranslation": {
                                "x": 3.75,
                                "y": 0.0,
                                "z": 0.0
                            },
                            "toCameraSocket": 0,
                            "translation": {
                                "x": 3.7445201873779297,
                                "y": -0.04790860787034035,
                                "z": 0.0030769745353609324
                            }
                        },
                        "height": 800,
                        "intrinsicMatrix": [
                            [
                                569.2030639648438,
                                0.0,
                                661.1693115234375
                            ],
                            [
                                0.0,
                                569.1432495117188,
                                407.49041748046875
                            ],
                            [
                                0.0,
                                0.0,
                                1.0
                            ]
                        ],
                        "lensPosition": 0,
                        "specHfovDeg": 127.0,
                        "width": 1280
                    }
                ],
                [
                    0,
                    {
                        "cameraType": 0,
                        "distortionCoeff": [
                            2.531651735305786,
                            0.513746976852417,
                            -5.683907147613354e-05,
                            8.262595656560734e-05,
                            -0.000896471319720149,
                            2.8871874809265137,
                            1.232196569442749,
                            0.03952784091234207,
                            0.0,
                            0.0,
                            0.0,
                            0.0,
                            0.0023923497647047043,
                            -0.003002648940309882
                        ],
                        "extrinsics": {
                            "rotationMatrix": [
                                [
                                    0.0,
                                    0.0,
                                    0.0
                                ],
                                [
                                    0.0,
                                    0.0,
                                    0.0
                                ],
                                [
                                    0.0,
                                    0.0,
                                    0.0
                                ]
                            ],
                            "specTranslation": {
                                "x": -0.0,
                                "y": -0.0,
                                "z": -0.0
                            },
                            "toCameraSocket": -1,
                            "translation": {
                                "x": 0.0,
                                "y": 0.0,
                                "z": 0.0
                            }
                        },
                        "height": 800,
                        "intrinsicMatrix": [
                            [
                                570.5547485351562,
                                0.0,
                                635.6085205078125
                            ],
                            [
                                0.0,
                                570.0087280273438,
                                401.2654113769531
                            ],
                            [
                                0.0,
                                0.0,
                                1.0
                            ]
                        ],
                        "lensPosition": 0,
                        "specHfovDeg": 127.0,
                        "width": 1280
                    }
                ],
                [
                    1,
                    {
                        "cameraType": 0,
                        "distortionCoeff": [
                            7.383787155151367,
                            2.396995782852173,
                            0.0002460137184243649,
                            -0.00020024843979626894,
                            0.04037552326917648,
                            7.764043807983398,
                            4.709771156311035,
                            0.33222317695617676,
                            0.0,
                            0.0,
                            0.0,
                            0.0,
                            -0.003689264878630638,
                            -0.004269234370440245
                        ],
                        "extrinsics": {
                            "rotationMatrix": [
                                [
                                    0.9999339580535889,
                                    -0.0038464961107820272,
                                    -0.010830367915332317
                                ],
                                [
                                    0.00363871268928051,
                                    0.9998102188110352,
                                    -0.01914004050195217
                                ],
                                [
                                    0.01090193446725607,
                                    0.019099367782473564,
                                    0.9997581243515015
                                ]
                            ],
                            "specTranslation": {
                                "x": -7.5,
                                "y": 0.0,
                                "z": 0.0
                            },
                            "toCameraSocket": 2,
                            "translation": {
                                "x": -7.505596160888672,
                                "y": 0.006472812034189701,
                                "z": -0.13870535790920258
                            }
                        },
                        "height": 800,
                        "intrinsicMatrix": [
                            [
                                562.993408203125,
                                0.0,
                                660.494873046875
                            ],
                            [
                                0.0,
                                562.8541259765625,
                                393.14111328125
                            ],
                            [
                                0.0,
                                0.0,
                                1.0
                            ]
                        ],
                        "lensPosition": 0,
                        "specHfovDeg": 127.0,
                        "width": 1280
                    }
                ]
            ],
            "deviceName": "",
            "hardwareConf": "F1-FV01-BC001",
            "housingExtrinsics": {
                "rotationMatrix": [
                    [
                        0.9997743964195251,
                        0.009853602387011051,
                        0.018815726041793823
                    ],
                    [
                        -0.009426812641322613,
                        0.9996992945671082,
                        -0.02263815328478813
                    ],
                    [
                        -0.01903313584625721,
                        0.022455673664808273,
                        0.9995666742324829
                    ]
                ],
                "specTranslation": {
                    "x": 0.0,
                    "y": 0.0,
                    "z": 0.0
                },
                "toCameraSocket": 2,
                "translation": {
                    "x": 0.0,
                    "y": 0.0,
                    "z": 0.0
                }
            },
            "imuExtrinsics": {
                "rotationMatrix": [
                    [
                        0.0,
                        0.0,
                        0.0
                    ],
                    [
                        0.0,
                        0.0,
                        0.0
                    ],
                    [
                        0.0,
                        0.0,
                        0.0
                    ]
                ],
                "specTranslation": {
                    "x": 0.0,
                    "y": 0.0,
                    "z": 0.0
                },
                "toCameraSocket": -1,
                "translation": {
                    "x": 0.0,
                    "y": 0.0,
                    "z": 0.0
                }
            },
            "miscellaneousData": [],
            "productName": "OAK-D-PRO-W-POE-97",
            "stereoEnableDistortionCorrection": true,
            "stereoRectificationData": {
                "leftCameraSocket": 1,
                "rectifiedRotationLeft": [
                    [
                        0.9999611973762512,
                        -0.004355024080723524,
                        0.007660617586225271
                    ],
                    [
                        0.004428209736943245,
                        0.9999444484710693,
                        -0.009562643244862556
                    ],
                    [
                        -0.007618546485900879,
                        0.009596195071935654,
                        0.9999249577522278
                    ]
                ],
                "rectifiedRotationRight": [
                    [
                        0.9998289346694946,
                        -0.0008622506284154952,
                        0.018477097153663635
                    ],
                    [
                        0.0006852018996141851,
                        0.9999538064002991,
                        0.009586252272129059
                    ],
                    [
                        -0.018484510481357574,
                        -0.009571951813995838,
                        0.9997833371162415
                    ]
                ],
                "rightCameraSocket": 2
            },
            "stereoUseSpecTranslation": false,
            "version": 7,
            "verticalCameraSocket": -1
        },
        "rgb": {
            "default_intrinsics": [
                [
                    570.5547485351562,
                    0.0,
                    635.6085205078125
                ],
                [
                    0.0,
                    570.0087280273438,
                    401.2654113769531
                ],
                [
                    0.0,
                    0.0,
                    1.0
                ]
            ],
            "default_width": 1280,
            "default_height": 800,
            "fov": 127.0,
            "intrinsics_3840x2160": [
                [
                    1711.664306640625,
                    0.0,
                    1906.8255615234375
                ],
                [
                    0.0,
                    1710.026123046875,
                    1083.7962646484375
                ],
                [
                    0.0,
                    0.0,
                    1.0
                ]
            ],
            "intrinsics_4056x3040": [
                [
                    1807.9454345703125,
                    0.0,
                    2014.08447265625
                ],
                [
                    0.0,
                    1806.2152099609375,
                    1524.009765625
                ],
                [
                    0.0,
                    0.0,
                    1.0
                ]
            ]
        },
        "stereo": {
            "left": {
                "default_intrinsics": [
                    [
                        562.993408203125,
                        0.0,
                        660.494873046875
                    ],
                    [
                        0.0,
                        562.8541259765625,
                        393.14111328125
                    ],
                    [
                        0.0,
                        0.0,
                        1.0
                    ]
                ],
                "width": 1280,
                "height": 800,
                "intrinsics_1280x720": [
                    [
                        562.993408203125,
                        0.0,
                        660.494873046875
                    ],
                    [
                        0.0,
                        562.8541259765625,
                        353.14111328125
                    ],
                    [
                        0.0,
                        0.0,
                        1.0
                    ]
                ],
                "distortion_coeff": [
                    7.383787155151367,
                    2.396995782852173,
                    0.0002460137184243649,
                    -0.00020024843979626894,
                    0.04037552326917648,
                    7.764043807983398,
                    4.709771156311035,
                    0.33222317695617676,
                    0.0,
                    0.0,
                    0.0,
                    0.0,
                    -0.003689264878630638,
                    -0.004269234370440245
                ],
                "fov": 127.0
            },
            "right": {
                "intrinsics_1280x720": [
                    [
                        569.2030639648438,
                        0.0,
                        661.1693115234375
                    ],
                    [
                        0.0,
                        569.1432495117188,
                        367.49041748046875
                    ],
                    [
                        0.0,
                        0.0,
                        1.0
                    ]
                ],
                "distortion_coeff": [
                    6.779923439025879,
                    2.1303811073303223,
                    -0.00027630862314254045,
                    -0.00031515309819951653,
                    0.024614937603473663,
                    7.166018009185791,
                    4.256972789764404,
                    0.27181077003479004,
                    0.0,
                    0.0,
                    0.0,
                    0.0,
                    0.0071297879330813885,
                    -0.0058379764668643475
                ]
            },
            "rectification": {
                "H_left": [
                    [
                        1.0020433987995887,
                        0.006868238963089288,
                        0.9354283042611087
                    ],
                    [
                        -0.0004963773028652119,
                        1.0173828635860127,
                        -37.62685063662792
                    ],
                    [
                        -1.3532212588805565e-05,
                        1.7049168921496446e-05,
                        1.002160185537797
                    ]
                ],
                "H_right": [
                    [
                        0.9911117208822113,
                        0.006792343828876767,
                        7.691367486239301
                    ],
                    [
                        -0.0004909621314196243,
                        1.0061406209394859,
                        -7.402101415491018
                    ],
                    [
                        -1.3384584462411522e-05,
                        1.6860772890073727e-05,
                        1.0025782617778511
                    ]
                ]
            }
        },
        "extrinsics": {
            "left_to_right": [
                [
                    0.9999338984489441,
                    -0.0038464961107820272,
                    -0.010830367915332317,
                    -7.505596160888672
                ],
                [
                    0.0036387131549417973,
                    0.9998102784156799,
                    -0.01914004050195217,
                    0.006472814828157425
                ],
                [
                    0.010901933535933495,
                    0.019099365919828415,
                    0.9997580647468567,
                    -0.13870534300804138
                ],
                [
                    0.0,
                    0.0,
                    0.0,
                    1.0
                ]
            ],
            "left_to_rgb": [
                [
                    0.9999586939811707,
                    -0.00376872974447906,
                    0.008264783769845963,
                    -3.762357711791992
                ],
                [
                    0.003950116224586964,
                    0.9997493028640747,
                    -0.02204149216413498,
                    -0.04360850900411606
                ],
                [
                    -0.008179644122719765,
                    0.022073229774832726,
                    0.9997228384017944,
                    0.007708449847996235
                ],
                [
                    0.0,
                    0.0,
                    0.0,
                    1.0
                ]
            ]
        }
    },
    "front_low_cam": {
        "name": "front_low_cam",
        "ip_address": "192.168.2.25",
        "mxid": "19443010511BF14800",
